[[[0, 0, 0, 0, 4, 0, 0, 8, 0, 0, 0, 2, 0, 0, 5], [0, 0, 0, 3, 4, 0, 0, 3, 0, 0, 0, 2, 0, 0, 5]],         [[11,13], [11,13,44]


[[0, 0, 0, 0, 12, 7, 0, 0, 3, 0, 0, 0, 0, 0, 5], [0, 3, 0, 0, 12, 2, 0, 0, 3, 0, 0, 0, 0, 0, 5]],         [[45], [24,45]   

     
[[0, 0, 0, 0, 4, 8, 0, 0, 2, 0, 0, 0, 0, 0, 5], [0, 3, 0, 0, 4, 3, 0, 0, 2, 0, 0, 0, 0, 0, 5]],         [[11,45], [11,24,45]  
 
      
[[0, 0, 0, 0, 0, 0, 4, 8, 0, 0, 0, 3, 0, 0, 5], [0, 0, 0, 4, 0, 0, 4, 8, 0, 0, 0, 1, 0, 0, 5]],          [[11], [11,46]  


[[0, 0, 0, 0, 0, 8, 0, 8, 2, 0, 0, 0, 0, 0, 5], [0, 0, 0, 3, 0, 8, 0, 3, 2, 0, 0, 0, 0, 0, 5]],           [[11,47], [11,44,47]

  
[[0, 0, 0, 0, 0, 6, 6, 8, 0, 0, 0, 2, 0, 0, 5], [0, 0, 0, 3, 0, 6, 6, 3, 0, 0, 0, 2, 0, 0, 5]],           [[11,23], [11,23,44] 


[[0, 0, 0, 0, 0, 0, 5, 8, 0, 0, 0, 2, 0, 0, 5], [0, 0, 0, 3, 0, 0, 5, 3, 0, 0, 0, 2, 0, 0, 5]],           [[11,37], [11,37,44] 


[[0, 0, 0, 0, 0, 0, 4, 7, 0, 1, 0, 3, 0, 0, 5], [0, 0, 0, 4, 0, 0, 4, 7, 0, 1, 0, 1, 0, 0, 5]],           [[11,45], [11,45,46] 


[[0, 0, 0, 0, 5, 8, 0, 0, 2, 0, 1, 0, 0, 0, 5], [0, 0, 4, 0, 5, 8, 0, 0, 2, 0, 0, 0, 0, 0, 5]],           [[11,45], [11,36,45]

 
[[0, 0, 0, 0, 0, 0, 4, 8, 0, 0, 0, 2, 0, 0, 5], [0, 0, 0, 3, 0, 0, 4, 3, 0, 0, 0, 2, 0, 0, 5]],           [[11], [11,44] 


[[0, 0, 0, 0, 0, 6, 4, 0, 0, 1, 0, 3, 0, 0, 5], [0, 0, 0, 4, 0, 6, 4, 0, 0, 1, 0, 1, 0, 0, 5]],           [[11，45], [11,45,46] 

 
[[0, 0, 0, 0, 0, 0, 4, 7, 3, 0, 0, 3, 0, 0, 5], [0, 0, 0, 4, 0, 0, 4, 7, 3, 0, 0, 1, 0, 0, 5]],           [[11,15,45],[11,15,45,46]


[[0, 0, 0, 0, 0, 8, 7, 0, 2, 0, 1, 0, 0, 0, 5], [0, 0, 3, 0, 0, 8, 2, 0, 2, 0, 1, 0, 0, 0, 5]],           [[11,45], [11,34,45] 


[[0, 0, 0, 0, 0, 4, 4, 0, 0, 1, 0, 0, 0, 0, 5], [0, 0, 1, 0, 0, 4, 1, 0, 0, 1, 0, 0, 0, 0, 5]]]           [[11,33,45], [11,30,33,45]