1 0 0 3 1 0 0 3 0 0 0 2 0 0 5
0 0 0 3 0 0 5 3 0 0 0 2 0 0 5
0 0 1 10 0 0 1 2 3 0 0 1 0 0 5
0 0 3 3 0 0 1 3 0 0 0 2 0 0 5
0 2 0 0 0 0 4 8 0 0 0 0 0 0 5
0 0 1 3 0 0 3 3 0 0 0 2 0 0 5
0 3 0 0 5 3 7 0 2 0 0 0 0 0 5
0 2 1 4 0 6 1 0 0 0 0 1 0 0 5
0 0 0 3 0 0 4 3 0 1 0 0 0 0 5
0 0 0 3 0 6 6 3 0 0 0 2 0 0 5
0 1 0 3 0 2 6 3 0 0 0 2 0 0 5
0 3 0 0 12 3 0 0 0 0 0 0 0 0 5
0 1 1 4 0 2 1 0 0 1 0 1 0 0 5
0 0 1 0 0 0 1 8 3 0 0 0 0 0 5
2 0 0 3 0 8 0 3 1 0 0 0 0 0 5
2 0 0 0 5 8 7 0 1 0 0 0 0 0 5
0 0 0 0 0 8 0 7 2 0 0 0 0 0 4
0 0 2 3 0 6 6 3 0 0 0 1 0 0 5
0 0 4 0 0 8 0 0 2 0 0 3 0 0 5
2 0 0 0 0 8 0 0 1 0 1 3 0 0 5
0 3 0 3 0 3 0 3 2 0 0 0 0 0 5
1 0 0 0 2 8 7 0 2 0 0 0 0 0 5
0 0 5 3 0 0 1 3 0 0 0 1 0 0 5
0 0 0 3 0 6 4 2 0 1 0 0 0 0 5
0 0 3 0 5 8 2 0 2 0 0 0 0 0 5
0 0 1 3 0 6 2 3 0 0 0 2 0 0 5
1 0 0 0 9 0 0 0 3 0 1 0 0 0 5
0 0 2 3 4 0 0 3 0 0 0 1 0 0 5
0 0 1 0 0 6 1 7 0 1 0 0 0 0 5
5 3 0 0 1 3 0 0 1 0 0 0 0 0 5
0 4 0 0 0 0 4 8 1 0 0 0 0 0 5
0 0 4 0 12 0 0 0 3 0 0 0 0 0 5
0 0 0 3 4 0 0 3 0 0 0 2 0 0 5
0 0 0 3 0 8 0 3 2 0 0 0 0 0 5
0 0 1 10 0 0 1 3 0 0 0 1 0 0 5
0 0 0 4 0 0 4 7 0 0 0 1 0 0 4
0 3 0 0 0 3 0 0 2 0 1 3 0 0 5
0 4 0 0 12 0 0 0 1 0 1 0 0 0 5
0 0 0 4 0 8 0 0 2 0 1 1 0 0 5
0 0 1 0 0 0 1 8 0 1 0 0 0 0 5
0 0 0 4 0 0 4 0 0 1 0 1 0 0 4
0 0 2 3 0 0 5 3 0 0 0 1 0 0 5
